NN22.asc
ncols 200
nrows 200
xllcorner 220000
yllcorner 720000
cellsize 50
[rows 105 to 139 of 200, columns 0 to 77 of 200]
460.5 464 468.7 472.7 478.8 485.8 489.9 490.1 498 499.6 500 505.9 511.1 512.5 511.3 511.4 508.1 499 492.8 490.1 486.4 468.8 467 466.5 466.9 459.1 453.8 443.7 432.5 427.4 425.2 422.9 417.4 410 402 391.7 376.2 364.6 356.6 347.2 342 333.3 325.3 317.7 307.9 305.7 314.5 323.3 330.3 336.3 344.8 356.6 366.4 378.2 385.9 394.9 403.4 411.7 414.8 418.5 421.1 421.9 427.3 429.7 432.6 434.7 431.2 433.3 430.6 424.7 417.1 413.5 405.3 402.5 403.4 404.2 412.6 420.4
471.4 476 480.4 481.5 489.1 494 499 505.1 508.7 509.7 513.1 513.4 515.7 514.9 515.5 517.8 512.9 502.5 494.2 487.9 481 472.9 470.1 466.6 468.4 469.4 465.1 456.9 446 434.4 426.7 422.3 419.1 410.1 402.2 389.8 377.7 367.7 356.7 347.9 342 334.7 328.2 316.4 316.5 317.2 320.9 324.4 334.9 341.3 350.1 362.9 373.1 381.9 392.8 404 414 427.6 434.5 439.4 445.3 445 443.6 445.2 447.7 451.8 454.4 454 454 449.4 439.1 434.6 429 425.8 419.1 416.3 415.2 416.1
493.8 499.9 495 496.7 503.1 515 519.6 519.2 522.5 523.5 523.8 524.4 524.3 521.4 519.1 521.3 514.7 505.1 497.1 490 478.1 474.6 473 471.6 467.6 469.3 471 469.8 467.3 442.4 431 422 417.7 409.8 398.5 388.6 377.8 368 357.1 350.1 343 336.4 324 325.1 325.8 326.2 327.5 332.9 340.2 351.2 362.9 372.4 384.1 394 404.2 415.4 428.9 439.5 450.9 463 469.4 472.8 470.7 474.5 477.5 474 478 480.1 484.3 483.2 476.2 458.4 453.2 447.9 442.6 437.8 433.1 429.2
510.2 518 511.4 515.5 517.1 523.3 534.1 537.2 535.7 533.3 535.1 534.8 532.7 529.2 524.5 520.4 515 510.1 502.7 493.7 480.3 474.7 475.7 477 472.2 470.6 470.3 472.8 472.9 449.1 437 424.6 415.2 405.9 395.7 385.2 375.9 367.2 359.3 349.8 344.2 337.7 326.2 329.8 330.1 331.9 332 336.5 348.1 359.2 369.8 382 393.8 403 417.2 426.7 445.8 459.3 476.2 493.5 507.4 519.6 522.8 507.1 506.8 504 507.7 522.3 525.9 526.5 509.3 490.8 476.5 472.4 472.3 461 452.4 447.5
514.2 522.6 530.9 536.8 543 543.3 552.1 556.3 548.5 543.4 540.1 540.2 538.2 534.1 530.9 526.2 518.3 510 505.7 494 485.6 481.4 476.8 476.8 477.8 470.1 471.7 470.4 465.1 453.2 445 427.2 417.3 404.3 393.9 383.3 375.9 365.3 355.9 349.8 343.7 323.6 337 335.9 336 336.5 338.9 344.7 354.5 365.5 379.1 388.9 404 417 429.5 446.2 462.8 483.8 501.1 521.1 536.1 548.8 558.9 550.8 535.4 532.9 536.6 550.9 552.7 552.9 543.6 521.3 500.9 493.3 483.9 477.2 473.3 467.6
527.2 528.9 542 545.3 553.3 563.6 574.3 575.9 564.9 555.7 549.8 544.1 540.4 534.6 531 527 521.8 509.5 502.2 496.5 494 488.8 481.3 477.4 475.7 472.1 474.8 471.3 467.1 454.1 446.4 427.4 415.2 401.9 389.4 378.5 368.6 361.2 353.7 348.7 341.2 344.7 342.2 340.2 341.7 344.7 348.3 354.8 365.4 376.4 387.7 402.3 416.3 431.7 448.4 461.1 481.9 501.3 527.5 546.1 566.9 585.9 598.7 601 592 591.7 571.1 568.7 577.2 578.7 570.8 557 523.5 506.1 496.2 490.3 482.5 481.8
534.9 540.7 541.2 547.3 559.3 571.1 581.6 583.3 577 565.7 562.8 554.9 546.3 537.7 529.8 526.2 521.9 510.9 503.9 502.3 504.3 497.4 486.3 482.5 475.3 471.5 472.8 470.2 466.1 450.3 441.3 427.3 412.6 398.4 383 373.2 365.3 358.8 352.9 349.3 338.6 349.3 347.6 351.4 353 358.6 362.6 364.9 377.1 386.2 400.4 413.4 431.7 451.3 472.7 488.6 504.8 525.9 551.4 585.1 619.1 643.1 661.3 652.4 640.5 638.8 638.1 619.4 594.1 594.1 589.6 577.1 551.5 523.3 511.2 507.5 497.9 490.1
541.4 543.8 550.3 557.5 563 572.3 583.2 588.4 585.2 574.6 567.7 559.3 550.9 541.5 531.3 521.9 517.4 509.2 508.3 506.1 506.2 500.1 495.5 488.9 478.9 470.6 466.9 463.9 457.8 448.2 435 424.7 412.8 398.9 384.9 372.6 364.1 357.4 350.8 350.6 351 356.5 362.2 363.7 370.8 377 379.3 388.5 395.1 403.4 415.5 432.4 456.9 476.8 494.4 528.9 547.5 560.9 593.7 623.8 653.8 678 693.7 703.1 693.2 692 678.2 667.5 645.6 611.2 611.1 608.9 599 566.1 530.4 523.9 516.3 504.3
549.1 551.7 561 569.3 577.4 578.9 583.8 589.6 588.6 583.6 578.9 568.2 554.6 544.1 532.5 523.1 519 511.7 513 514.3 506.2 498 495.7 493.5 478.2 467.4 463.2 457.6 449.6 441.5 432.1 423 409.5 402 388.3 373.3 364.9 356.4 355.4 354.2 358.9 369.1 375.1 378.3 389 394.8 402 410.5 417.7 422.5 439.7 452.5 471.1 506.5 538.8 559.4 578.2 575.4 606.8 638 657.9 683.7 700.7 714.2 722.6 716.5 714.7 700.1 680.9 651.6 627.2 622.4 614.1 583.5 562.4 535.6 531.4 520.1
567.7 570.6 577.3 579.8 592 596.2 593.7 593.8 594 590.2 589.1 576.7 562.2 546.6 531.6 525.2 515.9 515.3 513.1 512.2 503 494.8 489.6 485.1 474.3 464.4 459.4 454.1 446.9 435.8 430 419.5 406.8 401.4 389.9 375.7 365.3 359.9 362.1 366.9 375.2 382.6 391.4 397.3 405.1 410.8 423.6 426.9 436.7 446.4 455.5 473.6 498 532.5 554.1 572.3 590 604.9 622.2 641.2 658.1 674.2 697.2 713.8 722.9 721.6 719.8 721 702.4 685.5 663.1 628.4 626.3 608.1 584.6 560.9 537.5 525.2
562.8 581 590.6 588.8 596.3 606.8 604 604.2 598.7 592.7 587.3 579.9 567.7 547.3 531.4 519.1 511.2 510.7 511.1 507.3 499 489.5 482.8 476 468.3 461.3 454.6 449.4 442.7 436.5 428 419.1 409 398.4 386.1 378.1 372.2 364.6 373.7 381.1 391.9 397.7 406.8 413.1 422.7 434 441.5 447 455.5 471.4 486.2 501.1 519.4 545.9 568.7 582.8 598.3 614 625.6 638.3 653.3 666.8 682.1 695.2 711.2 721.8 727.1 733.3 739.3 733.1 712.4 663.4 633.6 622.7 607.5 577.1 545.7 528.5
567.1 577.5 587.7 599.3 607.2 615.1 621.3 610.1 600.3 595.4 585.1 577.2 567.3 552.9 530.9 518.2 507.4 502.2 501.9 499.1 492.8 486.9 477.7 469.3 463.1 458.8 451.4 444.3 439.1 432 423.6 417.1 411.8 400.7 390.1 383.9 373.1 385 395.2 403.1 415.8 425.3 434.4 436.4 442.4 452.5 464.7 469.9 481 496.3 511.9 532.3 556.4 561.1 574 592.9 606.2 619.1 631.6 642.1 652.3 663.3 675.9 690.1 700.5 717.3 729.9 739.6 742.8 741.4 725.2 694.9 655.1 641.1 626.6 594.5 554.2 537.3
571.5 577.1 582.1 604.5 627.4 632.5 633.4 616.7 609.4 594.5 587 579 565.1 549.8 532.9 516.9 505.6 498.9 494.6 493.7 488.5 482.4 474.2 464.1 457.6 452.9 446.7 440.7 436.5 430 423 417.1 410.4 400.5 395.6 381.2 394.9 404.4 415.9 424.8 437 445.6 452.2 466.8 476.7 487.4 489 502.2 510.5 515.7 529.1 549.5 572.7 588.3 601.3 611 619.9 628 638 645.1 655.2 664.5 676.8 687.3 697.8 710.3 723.2 735 739.8 738.4 731.9 709.9 679.9 661.2 635.2 612.2 579.3 544.6
575 577 582.2 592.8 625.1 621.2 623.3 611.8 606.3 598.1 593.7 581.7 567.4 551.8 541.3 525.1 508.4 494.9 488.7 486.6 484.2 475.4 466.9 458.2 453.4 445.8 442.6 436.7 433.1 428.2 421.9 417 413.3 408 394.8 406.6 414.3 424.6 434.6 447.9 459.4 463.4 474 487.5 501.7 510.4 516.5 525.8 535.5 543.6 555.5 568.4 583 595 609.6 620.2 627.4 636.7 643.9 651.5 659.6 669.1 677.2 688.6 697.2 703.9 712.7 724.5 730.3 727.3 726.4 733 718.6 687.4 646.9 616.1 583.8 551.6
570.7 574.1 583.4 589 610.3 625.3 613.8 609.3 608.2 601.1 596.3 582.1 570.2 557.8 538 524.7 503.5 490.4 483.2 478.7 474.2 468.5 460.2 451.1 448.1 444.8 436.5 435.4 429.1 427 426 421 420.4 415.7 418.6 419.2 429.3 443.6 450.4 467 477.2 489.3 496.9 505.2 516.9 525.9 533.5 544.8 552 561.4 574.9 582.6 594.3 604.3 615 624.8 633.1 639.5 646.9 653.9 659.9 669.8 677.8 683.7 689.3 696 702.2 708.5 709.3 712.6 734.2 743.8 736.9 717.7 677.5 627.6 592.6 556.5
568 575 584.1 584.8 593.2 609.5 600.7 607 611.8 601.1 596.1 575.4 571.6 559.9 536.5 519.8 501.2 485.4 477.1 468.1 464.1 457.8 452.7 446.1 443 441.2 435.6 431.6 427.4 426.4 426.1 426.6 430.2 433.6 439.3 443.9 447.4 459.4 471.5 481.5 499.9 507 515.8 531.3 536.7 544.1 548.8 557.5 566.1 574.6 586.7 597.3 606.6 614.3 621.4 629.8 637 644.3 650.2 654.9 659.7 665 668.1 673.6 678.8 684.1 689.8 692.6 698.1 708.1 730.2 738.3 736.7 723.5 703.9 626.3 593.3 563.8
564.3 571 580.3 585.1 579.3 590.8 585 583.4 601.5 592.3 583.7 567.8 561.9 555.9 539.1 514.4 497.5 480.8 470.7 463.3 459.1 451.7 445.8 441.3 436.3 433.6 431.4 428 427.8 429.2 434.5 441.7 454.5 452.9 454.9 462.2 467.1 474.7 484.7 496.3 508.4 518.4 523.6 534.2 543.9 551.8 560.2 564.6 574.9 583.7 597.1 603.3 613.8 623.5 627.4 636.2 641.8 649 653.1 654.6 654.4 658.1 661.6 666.1 671.8 672.9 677.3 682.4 692.7 707.8 723.4 728.2 728.8 720.5 719.1 677.1 607.1 573.4
562.9 558.4 570.2 577.1 567.8 578.9 583 573.7 583.1 578.8 567.9 561.5 551.9 548.3 534.1 510.1 494.1 479.2 467.9 457.9 452.5 447.6 439.9 436.6 433.1 429 427.5 426.3 426.8 435.5 443.8 451.6 460 464.2 466.7 472.5 476.8 478.7 490.1 496.9 511 524.2 529.3 537.8 550.1 556.6 561.6 570 578.5 586.7 598.8 606.1 613.5 621.4 628 638 645.1 650.2 652.5 652.8 652.7 653.9 656.5 658.7 662.8 666.9 671 679.9 684.8 693.9 704.6 711.9 709.3 712.8 707.8 696.2 620.5 590.4
560.1 547.6 547.1 551.1 550.3 570.2 570.8 575.6 571 573.8 555.6 548.3 540.6 534.4 528.6 505.5 492.3 478.6 468.2 455.2 447.9 443.9 437.4 431.5 429.5 427.1 424.3 424.2 430.5 444.2 452.1 457.4 463.7 467.2 470.3 474.6 481.7 487.3 494.7 506 513.3 521.2 532.2 540.6 548.5 558.5 565.5 577.8 586.7 589.5 597.8 603.8 610.4 617.1 624.1 634.2 639.5 643.4 645.7 648 649.5 648.9 650 651.1 653.5 655.9 662.8 670.9 677.4 680.1 687 693.5 693.6 696.9 701 701.1 681.2 601.6
545.6 540.6 534.2 535.3 535 548.4 561 576 567.1 565.2 547.3 534.9 527.2 523.1 519.8 498.9 486.4 473.7 460.9 452.6 448.2 444.1 435.8 428.4 425.6 424.7 422.9 427.2 435.2 447.6 455.7 461.9 467.5 475.3 477.2 481.9 491.1 497.7 503.4 511.9 518 527.9 537 542.5 550.7 557.6 570.5 573.4 579.2 587.6 596.5 601.3 607.5 614.8 622.4 630.4 638.2 639.2 639.7 641 642 643.5 646 647.5 650.3 651.5 655.2 658 662.9 668.4 673.4 682.8 681.5 691.4 704.9 701 693.2 650.6
541.6 539.6 531 524.3 523 536.1 548.9 558.1 552.7 548.1 537.7 530.1 525.5 514.1 507 494.9 483 471.2 457.9 448.9 445.3 436.8 431.6 425.1 424.3 422.4 424.2 431.4 439.3 451.1 458.4 464 473.5 481.1 484.5 488 498.5 506.8 512.8 519.7 526.2 532.5 539 546.7 550.7 557.7 565.1 571.2 579.2 589.5 594 601.2 605.1 609.8 618.8 624.6 635.5 635.4 633.1 632.5 634 637.2 640.9 643.2 646.5 647.5 650.3 654.2 656.4 660.6 668.4 674.4 681.2 697.8 707 704.7 695.4 670.9
538.2 531.5 526.8 521.3 513.6 527.4 546.2 549 541.2 531.6 528.1 525.2 522 513.8 511.2 491.4 476.1 464.3 453.4 444.4 440.6 432.3 428.4 422.6 421.3 421.6 424.5 432.9 438.8 450.2 460.3 465.8 473.5 481.2 488 495.6 501.9 509 518.2 523.7 530.2 536.1 542 548.7 554.6 559.9 564.9 570.5 578.3 589.2 590.7 599.4 604 606 612.1 618.8 627 627.1 626.6 626.7 628.9 632.8 636 638.9 642.6 643.8 643.4 647.3 656.4 665.4 669.1 675.4 681.6 696.7 707.7 709.4 701.9 674.7
537.2 527.9 521.2 523.3 511 518 537.4 538.9 524.2 513.5 516.5 517.2 509.7 502.7 498.7 488 470.7 457.9 447.7 440.6 437.5 430.5 426.6 421.3 420.5 421.3 425.4 433 439.5 447 458.9 465.4 476 485.1 490.6 498 509.2 512.8 519.5 528.3 539.3 544.6 548.3 552.4 558.7 562.9 572.4 578.9 587.4 592.4 601.6 601.5 604.6 603.7 609.3 615.9 621 624.6 621.7 622.5 625.5 629.7 634.3 637.6 637.9 636.9 642.3 653.8 661.6 667.9 679.1 683.8 691 697.8 708.2 710.7 708.7 692.5
535.9 527.6 518.7 513.4 506.2 508.6 524.2 519.9 510.8 505.3 505.1 504.4 502 497.8 485.1 478.2 462.8 452.6 445.3 437.6 434.8 424.8 419.6 418.1 420.3 423.4 428.7 438.8 441.9 450.7 460.4 468 477.8 487.2 493.3 501.2 508.6 516.6 524.8 533.8 542.1 552.7 556.1 559.9 564.7 569.8 580.3 589.5 597.2 602.9 607.7 606 606 608.3 607.6 612.2 618 618.3 619.8 620.3 623.9 627.1 631.5 634.2 632.6 642.3 648.2 654.2 667.6 677.5 687.1 687 705.6 716.9 718.8 719.5 717.2 703.1
527.6 525.7 523.7 514.1 503.6 499.1 504.6 506.4 500.5 497.6 503.4 506.1 506 488.7 480.1 468.8 458.1 447.4 437.5 430 423.2 420.6 419.3 417.7 419.9 425.5 432.4 437.6 442.2 455.5 464.3 470.3 477.7 486.6 496.3 503.4 514.7 524.6 528 540.6 551.5 553.3 564.5 566.5 572 580.2 585.3 599.3 606.7 609.6 610.7 608.7 608.6 609 612.4 614.8 618.8 617.9 621 619.2 621.7 623.3 625.8 629.8 636.6 644.3 659.2 664.3 671.1 685.3 698.2 701.6 709.9 725.1 732 728 727.4 714.5
523.8 518 513.8 506.3 502.3 498.7 490.5 498.2 493 492.5 495.7 496.3 491 477.4 475.6 463.8 450.7 440.7 432 423.2 419.3 419.8 419.7 416.3 418.4 426.6 433.3 439.1 444.4 456.1 464.9 472.6 481.6 490.7 497.9 508.4 521.2 531 536.7 546.9 555.5 560.7 570.5 571 582.2 589.3 589.2 599.1 603.8 608.2 614.8 609.9 610.5 612.9 616.1 620 620.9 621.1 619.1 621.8 622.5 622.7 631.4 643.7 645.1 653.5 665.5 676.4 675.7 688.5 701.5 698.5 708.8 726.1 734.3 738.9 736 723.7
522 511.7 507.7 502.5 501 493 486.9 488.3 489.9 487.9 485.5 487.3 475.4 473.9 466.5 455.7 439.8 438.2 427.1 419.6 417.1 416.5 415.1 415.5 425.4 427.7 434.6 439.3 445.4 454.7 463.2 471.2 480.9 491.5 499.4 510.7 521.8 532.7 543.1 548.9 556.2 566.8 572.9 577.7 581.7 587.3 590.6 595 598.1 602.3 605.7 607.6 609.7 617 621.8 621 619.3 622.9 623.9 621.8 622 625.6 633.7 643.9 654.5 658.6 671.6 673.4 677.9 686.6 691.6 695.6 702.4 717.5 729.1 736.8 733.4 718.8
525 511.4 503.6 499.1 495.2 491.6 486.6 486 489.9 485.3 478.6 479.1 469.8 461.2 455.1 443.9 436.1 430.8 421.1 416.2 415.4 413.6 413.1 416.5 422.6 427.9 432.1 439.8 450 456.1 461.9 471.8 481 490.2 500.9 513.2 524 531.5 542.4 547.7 556.6 568.2 573.2 579.8 581 587 591.3 601.4 607.2 603.9 604.2 606.4 610.5 609.9 618.1 618.2 619.9 621.8 622.1 625.8 624.6 626.9 637.9 642.3 654.7 658.2 657.7 661.7 677.1 679.2 684.3 688.3 701.2 711.7 723.5 723.2 718.4 717
517.4 509.6 499.7 493.5 488.4 486.6 481.3 480.2 481.2 482.7 477.7 477 462.4 455.6 440.2 435.7 433.6 420.6 416.4 414.1 412.8 412.5 413.8 418.5 425 430.3 435 440.8 454.9 458.8 461.7 468.1 477.2 486.1 496.3 505.3 515.5 527.4 540.7 544.7 553.4 563 574.2 581.8 587.6 585.8 595.1 596.8 599.6 606.1 605.6 607 611.6 608.5 612 612.5 618.4 618.2 620.6 621.9 623.7 631.1 638.7 645.2 650.3 651.5 654.6 659.7 663 674.6 671.2 682.8 699.6 698.5 704.5 701.8 705.7 707.7
515.4 505.5 495.5 491.7 484.6 479.6 475.6 473.2 471.6 470.1 466.2 457.7 451.1 441.2 432.9 428.1 421.8 415.6 411.6 411.9 409.2 413.7 418.1 421.5 422.9 430 433.9 439.1 447.8 452.1 459.3 465.2 472.5 482.9 492.4 502.7 510.9 522 529.8 538.7 547.5 556.6 564.1 573.4 580.6 583.3 588.2 595.2 599.4 606.9 610.3 610 615.1 609.7 607.1 607.3 606.3 609.7 613 613.7 616.2 626.2 635.8 638.6 647.1 646.3 651.2 651.1 656.8 669.2 665.2 675.1 689.3 692.3 690.5 693.1 695.9 684.2
517.6 505 496.4 494.6 486.9 481.5 479 469.5 463.3 452.2 446.7 441.1 440.4 432.5 424.8 419.1 415.4 412.9 410.8 410.7 410.3 412.1 416.2 417.5 422.7 426.8 432.9 436.6 442.9 448 454.9 459.7 468.6 479.4 491 498.6 509.1 517.9 533 537.1 546 553.8 562.4 569.9 575.2 582.3 588 593.7 603.7 602.5 610 607.7 606.9 606.9 602.7 601.3 600.8 602.5 604 607.2 608.4 618.8 631.4 630.7 637.3 641.7 642.2 648.3 650.6 655.2 661.4 670.6 677.6 679.4 665.1 663.2 657.8 660.3
513.8 506.7 501.2 495.9 489.2 484.7 481.2 476.2 473.6 457.6 448.3 439 426.4 425.7 419.5 417.5 415 412.7 411.3 409.4 409.1 411.3 412.2 415.2 420.1 424.3 430.4 436.9 438.7 444.6 450.2 458.7 466.6 475 485.7 495.5 504.8 514.2 528.3 535.1 542.8 550.8 561.1 567.9 573.3 582.7 587.9 591.1 597.5 601.4 605.3 605.2 603.3 601.5 597.9 596.4 595.8 596.9 603 601.5 600.6 606.1 614.9 619.9 627.2 634.7 637.8 643.7 646 645.8 647.9 652.2 655.2 652.2 643.3 639.2 634.7 630
514.7 506.8 500.8 493.4 489.4 481.3 474.9 467.4 463.2 453 445.2 433 425.8 419.4 415.7 414.2 412.3 411.2 412.4 408.6 411.5 411 411.6 412.1 416.9 421.8 429.7 435.4 441.3 448 455.2 463.8 471.4 481.4 489.7 500 509.7 516.9 527.1 536.8 547.4 552.1 555.7 563.2 572.7 579.6 592 595.6 593.8 596.3 596.8 598.1 597.1 595.1 592.6 591.2 590.2 590.4 594.8 594 595.4 599.1 601.8 609.6 618.2 626 632 633.8 638.1 641.2 643.6 642.7 640 637.4 634.4 631.9 625 620.5
519.7 516.1 512.4 507.7 499.2 493.8 483.7 474.9 462.4 449.2 440 431.2 422.9 416.8 412.9 410.9 410.2 408.9 408.7 409 411.3 411.7 412.1 414.3 420.3 425.6 430.9 436 443.6 451.6 457.9 466.6 475.6 482.9 491.7 503.5 513.1 522.6 532.5 537.8 544.1 547.1 554.2 561.1 571.3 579.5 589.4 595.2 596.4 593.6 595.1 592.8 589.9 588.1 586.5 586.4 585.3 584.9 584.8 587.7 593.3 595.1 599.6 613.4 620.5 629.3 632.4 630.9 633 637.5 636 635.1 638.7 635.9 631.1 628.2 630 618.1
523.4 521.7 519.8 517 512.8 506.5 495.9 479.6 465 451.1 442 435.1 423.4 422.8 416.4 414.5 411.6 409.8 408.3 409.5 409.6 412.2 417.5 421.4 425.1 430 435 443 448.9 453.6 460.7 468.9 479.6 486 491.3 499.4 511.4 521.1 530 539.4 543.9 547.5 553.8 563.3 569.2 578.2 590.5 595.1 596.8 594.4 592.4 588.3 583.8 581.5 580.8 581.3 581 580.6 581.9 584.3 589.5 592.4 600.4 609.5 620.1 626.6 631.3 627.2 628 637.1 636.7 629.6 632.6 632.9 626.8 616.8 611.8 608.1
