NN22.asc
ncols 200
nrows 200
xllcorner 220000
yllcorner 720000
cellsize 50
[rows 140 to 174 of 200, columns 0 to 77 of 200]
526 523.6 521.7 518.8 516.1 509.6 503 486.1 471.8 459.8 445.7 438.8 427.3 424 419 418.9 413.9 409.8 408.7 409.8 410.9 414.1 418.4 421.5 424.6 429.1 436.4 442.8 446.7 452 457.8 463.5 472.6 481.5 490.4 500.4 510.7 518.3 528.6 536 548.9 547.8 549.4 559.2 569.4 573.2 582 589.4 590.1 591.3 586.3 582.1 577.7 575.3 575.3 575.2 576.4 576 579.2 580.2 584.7 589.9 597.8 604.2 613.8 623.1 622.4 621.1 625.5 631.4 631.5 625.4 625.7 623.2 620.5 611.5 607.3 601
539.6 533.9 531.7 526.4 518.5 511.2 503.1 489.7 478.2 466.9 453.5 440.1 432.7 426.7 421.7 419.6 419.7 410.1 409.1 409.1 411.2 413.4 416.1 419.8 423.8 430.1 438.9 441.1 444.8 445 451.6 460.1 469.4 477.4 484.8 495.1 501.7 511.3 521.5 530.7 534.8 543.2 548.8 555 568.1 568.6 578.5 581.3 584.8 587 582.9 577.1 573.5 571 570.3 570.7 571 570.8 575 577.4 580.4 585.6 592 597.6 603 607.5 611.5 613.1 616.4 619.3 620.3 618.9 615.6 614.4 612 610.2 606.2 603.2
556.4 554.4 546 546.4 537.3 525.7 511.3 496.4 482.7 468.2 457.4 444.3 437.5 428.1 422.5 417.7 414.4 410.2 408.6 409.9 413 413.8 414.5 417.3 421 427.8 434.2 434.5 439 445.1 453.1 456.5 464.2 473.1 481 488.8 494.2 502.4 512.8 523.5 530.5 538.2 547.3 549.5 553.7 559.9 566.8 576.4 580.9 583.4 578.9 571.7 567.7 566.5 565.9 565.2 566.1 565.4 571.9 573.7 577.6 582.6 587.8 592.4 598 603.2 606.5 610.9 610.4 611.9 613.6 612.5 612.7 612.8 611.8 608.9 607.6 601.9
565.3 562.6 558.7 556.3 552.7 542.1 521.3 502.9 488.3 471.7 459.7 450.5 444.4 431.9 426.4 417.4 413 409.8 407.5 409.2 408.6 412.1 413.2 415.8 417.7 422.3 425.5 430.2 437.3 441.1 448.6 452.6 457.9 465.2 475 484.4 490.3 495.8 507.3 513.4 522.7 530.2 538.5 546.2 550.4 555.3 560.3 566.3 575.3 568.1 565.7 561.9 559.8 558.4 558.5 558.4 559.6 561.2 565.1 567.4 573.6 578.5 586.4 590.3 594.4 596.9 601.1 604.2 607.3 608.2 607.6 610 609.4 608.9 610.6 608.5 608 602.4
569.1 570.4 574.4 571.2 558.6 544.9 526.8 510.3 493.9 475.5 463.3 453.8 446.6 432.9 427.1 420.3 416.7 413.9 409.9 406.4 407.4 409.6 410.7 415.2 418 418.3 421.3 429.9 433.4 433 439.4 446.4 454.8 458.1 465.3 474.8 480 485.7 501.2 508.5 520.5 531.9 533.5 540.5 551 552.8 552.2 555.1 556.9 554.9 553.3 551.2 549.6 548.7 549.6 549.7 550.4 552.3 555.7 560.4 565.7 571.3 576.8 581.8 586.1 589.5 593.4 592.1 599.6 601.2 600.9 602 601.9 598 603.6 604.4 601.5 602.4
567.9 569.5 573.5 572.8 563.1 547.8 528.1 512.8 496 480.2 465.5 453.4 445.4 438.2 431.9 425.7 416.3 414 412.8 411.2 407.8 409.8 407.3 407.3 413.2 418.5 417.1 419.8 423.3 427.9 432.2 438.4 445.9 450 455.1 462.7 471.7 479.8 491 501.3 510.1 520.2 530 528.7 533.6 539.8 540.9 542.1 543.4 544.4 543.1 541.6 539.8 538.4 539.5 539.3 541.3 543.9 546.8 550.8 555.8 563.2 569.2 573.5 581.9 581.5 583.9 583.5 588.1 590.3 590.2 591.5 596.5 589.9 587.2 592.5 597.1 596.7
573.3 568.4 566.2 563.2 558.3 540.8 526.6 512.6 495.8 482.3 471.8 465.1 449.2 436.4 427.2 420.6 415.8 413.1 410.1 408.8 409.5 406.1 404.2 406 410.5 411.2 411.7 414.3 418.7 423.3 426.9 432.9 439.4 444.2 451.5 457.2 463.3 472.7 480.1 490.7 500.2 509 515.7 517.6 522.8 528.8 531.9 533.7 533 532.8 531.9 529.8 528.2 527.9 529.4 529.9 530.8 534.3 537.7 539.5 544.8 552.5 558.4 564 569 571.5 573 575.7 582.6 581.6 581.9 579.8 579.7 579.7 579.4 586.7 585.7 593.4
581.4 578.5 573.4 565.4 556 537.7 521.6 505.7 492 483.4 474.3 467.4 453.8 441.1 434.8 426.3 419.1 415.4 409.8 407.3 407.6 405.3 403.9 405.2 405.4 408.1 409.5 410.7 414.3 418.3 420.5 426.7 434.5 437.2 445.1 451.1 456.6 466.5 472.5 478.1 486 493.9 503.5 508.1 513.4 522 527.2 527.7 524.1 522.1 520.6 518.3 517.5 517 519.1 520.8 521.9 524.9 528.6 531 535.7 541.3 545.6 550.3 555.6 559.8 563.9 565.7 572.7 571.9 570.7 567.1 566.8 565.4 565.3 573.3 572.1 576.6
585.6 587 577.4 568.5 545.8 532.5 517 502.2 495.7 487.4 483.4 475.9 464.7 450.7 440.9 433.1 427.2 416.7 415.5 410.5 408.6 405.5 402.8 404.9 401.4 407.6 407.3 404.4 410 411.8 416 420.8 421 430.9 438.7 444.6 448.3 459.1 468.2 472.6 477.3 485.9 492.6 499.7 506.7 513.4 518.3 519.5 516.4 515.8 515.8 511.5 508.3 506.8 507.9 509.1 512.8 515.3 519.5 521.6 525 529.7 534.8 539.9 545.2 549.4 554.6 556.5 568 562.2 558.2 556 562 556.8 549.9 547.6 550 550.8
573 570.3 567.5 558.1 536.7 526.3 511.3 505.5 504.6 500.4 495.7 481.6 467.8 462.2 457.2 440.2 430.6 426.1 422.2 418.5 414.2 412.4 404.2 402.3 404.7 403.9 404.3 400.3 405.1 405.7 408 409.2 416.9 422.7 427.8 437.5 440.2 448 454.8 462.1 471.5 478.5 484.3 491.2 498.2 504.9 512.5 514.8 508.6 504.9 501.3 499.9 498.2 496.8 497.5 500 503.9 506.2 508.2 511.8 513.7 517.1 520.2 523.8 527.7 530.4 533.8 538.4 535.5 537.1 538.8 541 546.1 540.3 532.8 532.3 535.7 537.1
559.3 555.6 547.5 537.9 527 517.1 513.1 515.2 508.4 499.6 493.4 481.9 469.9 463.2 460.1 455.4 443.9 437.2 434.5 430.6 422.6 412.3 411.3 405.3 406.5 401.3 401.6 401.2 396.3 397.5 399.4 403.1 410.7 415.6 421 431.1 433.2 440 447.2 454.4 463 469.6 477.3 484.4 488.7 492.9 498.7 499 498.7 493.4 491.3 489.6 484.5 484.6 483.9 487.4 491.5 494.6 496.3 498.9 502.3 505.6 508 511.3 512.5 513.5 514.9 518.7 518.3 519.9 520.1 521.4 519.8 524 521.2 519.1 516.6 515.7
550.6 551.8 539.9 527.8 518.2 514.3 512.7 511.7 510.9 499.8 493.5 483.6 474 465.5 466.1 464.6 458.2 446.6 439.4 435.7 426.8 422.4 414.9 409.9 408.7 406.4 406.8 401.7 398.6 395.1 394.9 398.9 407 411.5 422.3 424.3 430.7 438.5 441.7 445.7 452.4 459.4 465.6 472.9 477.3 478.9 480.1 482.7 482.8 480.5 479 477 474.9 472.7 471.8 474.2 477.2 478.4 482.5 486 489.2 490.9 492.8 496.7 498.5 501.1 500.9 502.5 503.3 505.8 505.9 505.7 504.9 503.2 503 500.1 498.2 496.5
546.1 536.4 526.6 521.8 515.2 516.3 515.4 516.3 517.2 501 489.5 483.1 481 476.9 478.4 477.3 472.6 455.3 457.3 442.9 436.5 432.3 425.8 415.7 413.7 408.3 406.9 403.7 399.6 396.8 395.7 393.1 400.5 406.9 418.4 421.3 429.3 435.2 433.7 440.7 444.7 451.2 457.2 459.9 463.7 467 468.9 472.2 470 468.5 466.2 464.8 463 459.6 459.8 460.4 463.3 464.6 467.1 468.9 472.2 474.5 477.5 480.5 481.4 484.8 483.8 486.7 488.9 490.9 489.3 490.1 489.6 491.9 490.8 486.5 484.6 481.2
537.1 531.5 518.3 514 514.3 517.2 519.1 516.3 511.4 505.1 495.3 490.1 485.5 481.4 480.7 477.7 472.4 465.5 464.9 467.6 455.2 442.7 436.4 427.7 420.8 411.1 406.6 405.2 399.4 397.4 395.8 390.1 397.2 399.9 404.9 411.5 417.4 422.3 425.4 430.9 437.7 439.7 443.2 447 450.6 453.2 454.5 456.7 455.6 453.5 451.9 449 447.6 445.3 442.8 446.1 447.3 449.8 452.8 454.4 455.7 459.1 461.1 461.8 463.4 464.2 466.5 468.1 468.4 470 469.9 470.4 471 469.2 470.7 467.5 466 466
531.5 528.2 513.7 510.3 511.4 509.7 510.9 511.5 508.2 505.5 506.6 496.5 491.4 494.7 493.8 486.3 479.8 476 472.8 478.7 474.7 464.8 448.7 438.4 429.2 419.2 409.8 403.6 398.8 396.5 392.8 386.9 392.1 399.2 399.5 400.4 404.5 408.9 415.1 419.9 422.3 428 432 435.4 437.4 439.8 441.1 441.1 440.1 438.8 436.9 434.2 432.2 429.3 428.8 430.2 430.7 431.2 434.7 436.4 438.2 439.6 442 443.9 444.2 445.2 447.3 447.4 452.4 453.5 454 453.8 454.1 449.8 450.9 449.9 449.7 452
527.5 520.9 511.6 511.1 511.1 508.4 508 509.3 505.2 501.3 500.7 497.3 496.2 500.6 505.6 504.1 499.3 493 484 486.6 490.9 483.9 473.3 449.5 437.8 429.9 420.8 411 400.9 392.6 392.2 386.9 395.6 393.1 394.7 398.5 401.4 405.9 409.5 413.7 418 421.4 423.5 422.6 424 425.6 426.4 426.3 426.4 424.6 422.9 419.9 417.5 413.6 414.6 413.3 412.7 413.7 417.7 418.2 417.8 419.8 422.3 424.9 428 427 430.4 429.7 431.8 432.3 432.9 432.1 431.7 433.6 436.3 434.4 433.4 433.7
531.6 514.5 514.4 517.1 511.1 507.6 508 505.7 504.8 497.6 498.6 500.5 502.8 507.6 509 511.5 506.8 505.7 500.7 496.8 502.5 502.6 496.1 476.7 450.8 438 427.3 416.7 407.1 398.1 387.2 380.8 389.2 391.2 395.5 398.5 403.1 406 407.8 409.5 410.1 407 410.4 411.8 412.8 411.7 411.3 411.8 411.1 409.7 408 405.5 403.2 398.7 400.5 398.2 398.7 399.4 397.4 398.6 400.6 402.8 402.7 403.4 405.8 407.8 414.4 412.9 413 413.9 416 410.9 413.5 416 416.6 414.5 419.8 418.6
521.8 521.8 520.4 512.9 508.9 507.7 508.9 505.8 501.7 505.1 507.7 512.6 517.2 518.5 520.7 517 517.3 510.9 514.9 507 506.1 505.2 503.8 500.5 489.8 470.7 435.8 423.6 409.5 399.2 384.5 373.7 383.3 386.5 396.6 399.9 404.1 406.6 407.7 397.8 396.6 398.5 398.3 398.5 396.8 400 397.5 396.9 396.4 393.3 392.2 389 388.3 385.6 384 382.5 379.9 380.7 386.4 383.8 388 388.5 387.5 391.1 387.1 391 388.4 391.5 391.4 390.3 395.9 387.9 393.8 395 396.8 395 397 398.8
521.5 527.2 518.5 511.3 509.9 510.3 513.5 508.2 507.9 512.2 522.9 528 533.8 533.2 534.5 526.8 521.9 518.8 520.7 516.6 514.5 514.8 510.3 504.9 496.5 485.9 469.2 430.1 413.9 400.9 389.5 369.8 378.7 380.8 384.3 386.6 388.7 388.3 389.2 385.6 381.3 386 380.8 382 380.1 381.1 383.1 380.8 380.5 378.2 379.7 378.4 374.6 374.1 367.8 364.5 364.1 368.8 367.1 369.1 370.8 371.7 370.4 375.5 373.1 375.7 374.8 378.3 375.8 378.4 377.2 374.7 382 375.7 385.6 379.1 385 387.3
526.7 530.6 525.1 516.7 513.3 521.8 522.6 523.6 517 519.8 528.9 537.7 539.4 540.8 539.5 545 540.9 539.1 529.1 530.8 522.6 514.7 510.9 505.1 491.4 486.2 477.2 444.4 418 403.3 390.5 381.2 363.2 376.9 374.4 376.2 375.5 374.4 374.4 372.9 370.5 370.9 368.8 367.7 361.9 364.9 364.8 364.8 364.4 363.7 365.2 365.5 365.1 357.5 356 350.7 347.8 355.9 355.9 355.1 353.7 355.7 355.6 361.3 356.7 361.9 360.8 363.5 356.5 362.4 360.8 363.9 365.7 366 370.6 371.2 376.2 374.2
541.8 544.2 537.9 536.1 536.2 539.7 541 538.7 541.1 532.9 533.2 540 547.3 547.4 549.4 551.9 548.6 538.9 533.5 535.4 531.5 517.3 508 497.5 484.6 485.1 466.4 452.7 426.1 411.6 395.1 380.4 365.9 361.5 368.7 366.8 367.7 365 363.2 359.8 360 357.4 353.2 349.6 347.6 352.6 352.7 349.2 358.9 352 353.9 355 350.6 346 352.2 338.9 338.1 339.8 344.3 343.8 341.8 350.4 344.6 345.4 346.9 345.8 344 346.5 346.8 346.8 344.3 345 345.6 351.6 350.3 354.7 358.5 364.4
557.8 554.4 553 554.2 558 557.1 562.8 551.8 547.3 545.4 549.1 551.1 556 557.3 559 557.5 556.9 543.3 538.8 530.8 524.3 516.5 512 497.5 480.6 468 462.3 447.8 431.7 416.8 402.2 386.7 374.5 360 350.6 357.2 353.8 351.2 348.1 344.9 344.3 346.1 341.5 339.8 340.3 340.3 339.1 337.8 341.2 340.9 340.7 340 339.8 339.5 335.5 328.6 330.5 329.9 332.2 332.9 335.5 335.7 334.4 338.3 332.5 336.1 330.9 335.3 331.5 330.3 331.3 331.4 334.6 338 342.5 344.1 346.2 354.7
579.4 578.1 568.5 567.2 568.4 573.4 571.9 567.8 557.8 559.5 558.5 555.3 560.7 560.2 559.9 552.3 551 547.7 530.8 513 507.3 501.7 495.8 495.3 490.1 469.7 460.7 440.1 426.2 409.5 394.7 382.1 374.7 364.9 351.1 344.4 344.2 347 339.3 334.8 335.1 334.7 332.4 331.7 332.4 329.4 328 330.5 334.6 328.1 332.3 328.4 329.2 329.6 325.3 322.8 322.3 320.4 326.7 320.3 320.1 321.7 321.4 320.6 320.3 319.5 319.2 320 321.6 322.9 327.3 327.5 325.9 333.4 332.2 340.2 341 344.1
590 587.7 587.7 583 576.3 578.7 578.7 581.3 577.6 574 566.2 567.7 565.1 558.8 550.5 550 547.2 529.7 523.7 502.2 493.4 490.2 483 481.7 474 465.3 447.7 432.4 421 409.6 395.7 381.1 371.5 364.2 352.7 345.8 336.6 333.2 334.1 331.4 328.4 326.3 326.2 326 324.9 323.8 321.5 324 321.2 321.7 320.6 320.7 322.9 322 318.4 317.2 314.8 315.6 314 316.7 314.3 312.1 312.5 311.7 311.8 311.9 312.1 311.5 312.5 313.8 317.9 317 318.2 324.4 322.8 330.1 334.2 331.6
602.9 599.3 596.2 591.6 591.6 590.7 591 584.8 581 577.9 570.8 566.1 558.6 546.3 546.5 537 528.1 522.8 509.6 494.8 477.6 473.7 465.1 460.9 455.1 445.1 435 426.8 414.8 409.1 391.1 378.8 369.9 362.2 350.8 343.5 341.6 332.2 330.7 326.7 323.8 324.1 323 325.5 319.7 321.3 320.3 320.8 319.2 317 317.5 316.3 316.4 315.3 312.6 310.8 310.8 308.4 307 307.3 308.9 304.9 305.3 304.9 304.2 303.8 303.9 303.1 307.9 305.8 308.3 307 310.7 315.6 316.5 322.9 324.4 326.4
609.7 609.7 607 608.2 606.4 602.6 602.6 602.7 598.3 584 578 568.5 554.4 546 537.8 523.2 507.2 496 495 479.8 467.6 459.3 456.6 449.2 438.5 430.6 419.8 414.6 405.6 396 380.2 371 366.8 366.3 354.5 338.3 337.4 330.6 328.8 332.7 325.8 329.5 323.7 323.8 327.1 321.5 320 321.3 321.8 316.6 315.3 313.3 313.5 309.9 306.6 305 305.5 306.1 304.6 300.8 302.3 300 299.8 300 297.3 299.1 299.1 299.3 303.3 300.9 301.3 305.4 307.1 308.6 311.1 313 316.1 310.1
611.3 613.1 616.4 620.6 615.8 619.4 615.1 608 607.6 597.3 580.2 566.4 550.4 543.8 537.7 521.1 498.3 484.7 472.8 462.2 454.4 450 440.3 430.6 425.8 417.8 407.4 398.2 387.4 380.5 368.8 365.8 360.2 354.6 347.1 336.2 334.3 330.6 331.1 329.4 328.3 328.1 328 326.4 324.2 324.3 322.8 320.5 324.5 322 317.8 321.5 314.9 310.3 314.3 309.7 308.1 305.7 309.5 305.2 306.2 302.5 301.2 303.2 300.4 299 296.7 297.3 296.9 296.6 296.3 296.2 300.3 300.5 302.3 303.9 302.4 303.7
613.4 620.6 622.8 628.4 621.8 622.1 612.8 608 602.6 594.4 573.6 552.8 541.2 534.4 517.5 505.4 492.3 469.8 458 453.3 441 431.9 425.5 414.7 406.2 396.5 387 387.7 372 364.9 360.3 354.8 353.3 345.7 345.2 336.3 337.5 335.4 334.6 332.8 336.3 330.7 329.8 330.6 330.7 327.4 332.8 326.7 324.9 323.8 322.9 321.3 325.2 317.3 318.3 319.9 315.9 317.5 316.2 314.4 311.6 312 311.1 306.8 304.9 302.3 300.6 294.9 293.6 290.5 289.7 289.3 288.6 291.1 294.3 296.9 295.2 294.4
608.4 616.3 617.9 612.1 607.5 608.3 604.7 604.3 597.2 579.6 560.1 546.1 528.8 515.3 503.8 487.1 478.2 455.9 443.9 435.9 430.3 418.5 416.1 404 395.9 385.3 371.1 372.3 361.1 358.2 352.2 347.3 347.4 342.2 344.3 338.9 340.9 340.5 338.2 338.4 343.7 337.4 338 336.6 339.3 334.9 334.7 335.5 330.5 330.9 330.2 329 330.3 328.8 328.3 327.2 328.6 330.2 336.1 325.2 322.1 319.3 316.2 313.3 309.2 307.7 305.7 303.5 304.6 302.5 300.6 300.5 295.5 291.6 286.6 290.8 289.3 293.4
589.2 591.3 597.4 599.5 596.1 599.6 593.8 587.5 579.4 564.8 546.1 535.2 522.4 507.5 489.5 477.5 462.2 446.3 434.3 420.5 416 401.6 394.7 389.7 380.6 369.6 363.1 358.4 353.8 350.6 347.6 345.5 345.7 342.2 347.3 346.8 350.7 347.6 345.4 356.8 368.4 358.1 348.9 346.4 345.3 348.6 342 342.2 343.8 343.3 342.9 342 340 342.4 343.9 339.5 341.8 345.8 348.5 338.7 339.9 334.3 328.4 325.9 324.5 318.5 318.1 311.4 313.3 309.5 307.2 302.6 300.1 297.8 291.4 286 285.3 286.4
572 589.1 586.7 587.1 581.1 581.5 574.6 561.3 556.9 550.3 531.6 523.7 508.7 500.8 475.8 466.6 450.2 436.3 424 416 402.3 393.9 379 375.2 372.3 361.6 356.1 352.6 350 347.9 346.4 344.5 344.1 345.4 351 352.1 354.6 357.9 357 361.4 374.2 371.6 365.3 359.5 361.6 353.4 355.1 354.9 359.5 352.1 359.4 356.7 353.4 353.8 353.8 352.7 350.8 351.6 353.7 351.7 349.6 346 346.2 342.2 337.3 334.9 329.6 323.4 322.6 316.8 317.7 310.3 307.8 308.1 306.2 304 301.3 299.9
563 573 570.7 568.5 564.4 556.6 554.1 544.1 535.3 532.5 516 504.1 495.9 476.2 463 456.2 444 421.7 413.7 399.6 384.4 376.3 370.3 362.3 357.5 353.3 350.7 349.2 347.6 346.2 344 345.8 347.2 349.7 354 358 359 363 365.7 369.7 372.9 373.2 373.2 371.8 373.7 372.6 373.2 374.9 366.3 368.7 370.3 369.3 367.4 369.1 366 365.3 364.9 363.2 361.9 364.8 363.7 358.8 359.6 357.9 350.2 348.2 344.9 340.7 337.5 329.4 328.6 322.8 319.3 318.2 314.3 310.3 308 305.9
548.6 543.9 550.6 546.4 547.2 546.5 542.4 524.8 517.7 507.4 495.5 484.7 475.2 462 449.8 434.4 423 411 401.7 390.7 382.1 371.9 361.2 353.1 350.2 349.7 347.5 346.1 346 345.1 345.4 347.6 349.7 354.8 359.1 363.9 366.3 368.5 371.5 373.3 375.1 378.1 377.5 378.7 382.3 378.8 384.3 385.1 378.7 386.7 383.4 383.6 382.5 381.9 381.3 381.1 382.2 379.2 377.8 377.9 379.7 376.6 371.8 369.9 367 366.9 359.9 357.5 356.2 349.1 341.7 345.3 336.6 331.6 328 322.4 317.6 312.5
521.4 520.6 532.3 540.3 529 525.8 510.8 499.6 494 484.4 474.2 460.6 447.8 439 427.9 418.4 406 400.3 390.2 378.7 372.6 361 354.2 349.4 346.3 344.8 345.4 344.1 344.3 347.6 350.6 353.9 356 360.8 364.7 366.8 372.6 376 377.2 381.3 385.2 383.3 389.7 390.4 389.6 389 390.7 389.3 390.2 395.7 392.2 393.4 394.1 393 394.4 396.3 394.9 394.3 394.6 389.6 390.5 390.3 388.7 389.7 387.7 385.2 378.4 373.9 369.4 365.1 357.9 352.2 349.9 347.8 340.4 333.7 328.2 322.1
494 497.6 501.3 501.9 500.7 497.9 486.1 481.5 473.4 466.1 452.7 441.9 433.2 417.5 409.5 399.3 395.5 393.3 387.6 370.7 366.5 355.7 357 349.7 346.2 347.1 347.1 349 350.7 355.7 359 364.4 364.7 369.7 378.5 380.1 379.1 385 386.3 387.6 392.2 391.9 390.4 397.3 394.1 396.5 396.2 402.5 396.7 400.4 401.1 400.5 403.3 403.1 406.4 406.8 407.7 410.3 408.5 405.2 405.5 405.4 405.2 404.3 403.7 399.6 395.2 392 385 381.5 376.4 368.8 363 360.5 354.3 346.9 341.3 336.7
