NN22.asc
ncols 200
nrows 200
xllcorner 220000
yllcorner 720000
cellsize 50
[rows 105 to 139 of 200, columns 78 to 155 of 200]
426.1 436.8 442.1 450.2 462.2 472.1 484.3 498.5 510.7 525.3 538.7 550.7 561.7 573.3 583.2 587.2 600.2 614.7 625.8 632.7 643.2 648.6 654.9 661 658.9 661.1 658.2 647.7 644.7 639.1 632 622.5 612 608.1 597.1 589.9 581.9 571.8 564.5 552.9 546 539.8 530.4 527.5 530.7 532.7 532.4 539.2 550.6 563.2 575.6 592.4 606.9 625.1 642 661.9 676.1 688.5 700 707 709.8 711.3 712 712.6 710.6 704.3 698.1 690.9 692.7 688.4 674.4 666.9 660.1 655.4 656.9 666 677.3 682
422 431.3 440 442.9 449.6 460.4 473.6 484.7 502.7 517.5 531.5 541.9 553.8 562.8 572 584.4 593 604.6 615.2 621.8 630.2 637.9 645.4 647.8 650.7 649 645.4 640.1 633.7 626.6 623.9 614.9 610 595.9 589.9 583.6 572.5 565.1 557.2 546.9 540.8 532.5 525.3 520.4 520.9 522.6 525 533.5 538.5 547.9 561 575.2 590.6 609.6 628.8 646.4 663.3 673.4 683.3 696.9 701 700.7 701.7 700.5 703.1 703.7 695.8 692.1 693.1 685.1 684.3 681.2 678 679.2 674.3 685.7 696.5 699.6
428.2 432.4 435.6 440.5 447.7 453.9 464.2 475.4 493.4 506.6 518.2 530.8 542.1 553.7 564.8 571.6 583.8 591.8 603.5 614.1 619.4 627.8 632.2 636.3 639 637.2 632.2 628.5 625.9 620 610.5 605.7 600 593.4 581.3 575.9 568.8 561.6 549.4 542.7 534.1 525.6 520 516.6 513.5 516.4 519.1 522.7 529.1 538.6 554.9 565.7 583.7 599.2 614.9 630.4 645.6 660.7 670.9 680.5 690 693.4 693.9 693.4 695.3 692.7 687.8 691.5 694.4 689.1 689 682.8 691.9 693.1 692 706.1 714.1 719.9
443.1 442.2 439.9 440.2 443.4 448.9 452.9 463 474.8 493.4 505.4 520.4 533.9 546.6 559.4 568.2 578.5 590.3 598.3 604.6 609.7 616 619.1 623.1 628.2 629 626.2 620.7 618.3 613.4 608.4 602.1 597.3 588.4 574.3 567.8 561.4 555 547.2 538 530.2 525.5 519.5 513.7 507.2 513.1 513.5 516.2 521.5 526.9 536.1 552 567.4 583.7 601.7 618.1 636 648.5 660 669.1 677.6 684.9 689.3 686.4 685.2 684.6 689.2 688.7 692.2 691.4 690.1 693.1 697.5 701.2 705.4 723.1 730.5 731.3
460.5 455 453 450.2 445.8 446 448.9 455.8 469.3 486.6 499.3 513.7 527 538.8 550.6 560 572 581.5 589.1 598.4 605.1 606.5 613.3 616.2 618.7 619.4 622.6 614.8 611.6 609.4 602.2 594.8 587.1 578 569.9 565.1 553.7 547.9 542.2 534.1 524.5 519 512.9 507.9 508.6 507.4 509.5 506.1 512.2 520 529.5 540.3 555.7 572.6 590.4 610.9 623.5 636.5 648.4 659.7 668 673.7 680.3 682.3 676.1 679.6 681.5 684.1 689 689.5 691.8 696.8 700.8 706 711.5 720.9 725.4 742.2
476.6 468.6 466.3 462.7 459.6 454.5 454 456.4 465.8 477.2 490.1 503.3 518.2 534.3 543.3 549.5 562.9 571.6 578.1 587.5 593.1 599 600.1 604.9 607.7 610.4 613.6 611.4 608 603 598.1 589.4 583.7 572.4 565 557.9 550.4 540.1 533 528.6 520.5 516.1 505.8 501.8 499.4 497.5 501 500.9 505.7 516.7 527.9 534.4 546.1 564.2 579.6 597.6 613.7 623.3 638 649.2 658.6 664.2 672.4 675.2 670.1 676.9 681.2 680.8 688.2 686.3 698.1 697 704.9 716.8 723.5 722.6 728.4 746.7
483.8 480.5 476.6 472.5 467.1 463.7 460.2 458.8 462 471.1 484.5 499.5 510.5 519.9 530 542.2 554.2 562.5 570.9 578.2 582 588.8 594.1 597.4 601 604.1 607.8 607.4 602.2 595.3 588.2 582.5 579 570.2 561.1 550.9 548.2 536.4 525.3 518.7 514.7 508.9 507.4 502.5 497.4 497.6 497.9 496.5 501.4 510.5 522.5 533.1 543 555.1 570.7 590.4 604.3 614.4 626.3 643.5 653.4 660.9 661.8 659.6 663.7 668.3 676.1 679.4 679.3 691.8 692.5 699 709 714.9 722.9 731.2 727.6 722.5
492.4 490.1 484.9 479.9 473.5 468.6 467.2 460.6 466.6 470.8 480.4 492.5 507 518.9 530.2 541.6 550.1 555.3 561 572.7 575.2 579.3 584.5 589.6 595.6 598.7 599.7 599.9 596.5 590.6 582.7 575.6 572.8 569.8 563.4 552.9 541.1 530.7 522.7 516.1 510.9 501.8 497.4 494.7 493.6 490.4 497 494.2 500.3 510.5 515.4 526.8 546.2 554 565.6 580.1 594.9 605.1 617.4 629.8 642.7 648.2 652.1 653.9 658 663.8 667.3 672.5 682.4 687.4 692.8 693.9 697.5 714.3 723.6 711.9 704.8 715.4
500.7 491.2 489.3 484.4 484.1 475 472.3 464 469.4 471.3 480.3 496.3 507.7 518.2 531.5 541.1 544.8 549.5 555.4 561.9 564.9 570.9 576.8 584.1 590.2 590.7 593.7 592 590.3 584.8 579.1 571.5 567.6 561.7 552.8 544.6 534.1 527.1 516.7 512.4 505.8 500.3 495.4 489.7 493.3 488.3 487.7 490.6 497.4 504.5 514.7 521 531.8 547.8 562.5 575.8 586 597.9 609 618.9 629.4 640.9 644 645.8 653 654.6 657.9 663.3 674.4 676.9 681.9 683.7 693.4 694.9 698 689.7 695.5 710.1
507 491.5 487.8 487.3 485.4 481.8 475.9 470.6 472 473.8 483.5 495.8 504.7 512.9 521.2 528 536.8 543.2 549.6 556.6 561.4 566 570.4 576.8 584.9 586.4 587.4 588.5 587.6 582.2 576.5 567.4 562.5 556.9 547.1 534.1 527.1 521.7 516.2 506.2 500 495.8 497.2 495.1 486.4 486.9 483.3 488.5 493.2 499.2 505.5 516.1 531.3 539.1 552.4 566.4 576.8 590.8 601 613.1 619.3 626.4 630.1 633.9 641.3 647 641.8 662.6 664.5 667.6 669.2 673.6 687.3 689.5 690.3 683.4 695 706.7
514.1 498.9 490.7 488.2 488.6 485.9 476.5 473.5 473.1 476.9 484.4 491.8 501.6 506.5 515.8 523 527.3 533.7 539.4 545.2 553.3 560.3 564.9 574.9 577.4 578.6 579.7 583.3 582 580 574.1 566.4 555.1 550.6 542.6 533 525.1 517.9 512.8 506.8 499.6 495.1 489.4 489.3 482.9 482.6 484.6 490.7 490.6 495.5 505.1 511.7 530.4 536.5 548.3 556.7 569.1 578.5 592.4 602.5 607.6 613.2 617.6 628.3 630 629.2 644 650.7 654.6 662.5 661 664 669.6 671.5 670.8 679.5 690.7 706.3
521 508.2 497.5 491.1 488.3 485.8 480.3 476.4 475.3 479.3 483.7 489.3 494.3 503.2 510.1 517.1 522.8 532 539.9 544.7 548 551.3 554.2 559.4 569.6 568.6 571.4 574.5 576.4 574.9 570.5 564.3 555 546.2 537.6 525.8 518.6 512.2 506.3 500 497.1 489.8 489.2 483.8 481.7 478.3 488.2 487.3 487 493.8 502.8 509.9 518.8 530.1 544.2 549.1 560.5 571.5 580.8 589.4 597.3 601 606.9 617.5 618 628.3 643.3 643.6 648.8 650.5 654.3 657.7 664.2 667.8 668.6 673.3 685.9 692.6
527.9 514.7 503.7 497.1 491.3 488 485.1 478.9 478.8 479.4 483 486 492.7 501.4 507.3 517.1 523.7 529.9 537.2 542.5 547.2 550.4 552.5 555.1 558.7 562.9 564.4 567.2 570.2 566.4 560.7 556 551.2 542.3 533.4 524.9 513.9 508.4 503 496.1 492.4 485.2 482.2 483.6 482.1 479.2 482.9 480.3 482.1 490 498.2 504.7 515.7 524.3 532.3 543.4 553.8 563.6 574.3 579.3 582.3 589.7 598 605 611.5 622.9 630.7 634.2 632.6 638 641.8 644.1 651 653.5 657.8 663.9 673 679.1
536.4 522.1 511.8 501.2 495.1 491.2 486.8 480.8 479.9 478.9 482.4 484.9 492.1 496.8 504.2 512.2 519.8 525 531 539 541.5 544.4 548.9 550.6 556.5 559.8 561.7 561.2 556.2 555.7 555.1 550.2 543.6 540.4 532.8 524.4 516.1 508.4 502.9 494.8 489.8 484.5 479 475.7 473.4 473 475.2 475.1 480 488.8 502.2 507.6 517.6 523.1 529.7 536.8 544.4 551.9 565.7 568.8 572.3 581.7 586.3 596.6 602.2 613.8 617.2 619.6 625.7 628.7 629.7 633.3 633.3 642.3 644.8 652.1 657.9 658.7
543.3 528.8 516.6 506.7 499.1 492.6 488.1 482.4 480.1 479.6 480.6 483 489.1 495.9 502.3 509.3 513.8 517.9 523.6 527.5 532.9 537.9 543.6 547.8 551.4 552.9 554.8 556.6 553 548.5 544.7 543.6 538.3 534.8 530.9 524.8 518.4 508.5 500.8 493.8 486.6 480 476.2 473.1 470.6 468 470.1 473.3 476.1 481.3 489.6 501.4 512.8 521.3 529.6 538.7 541.6 546.1 552.3 558 564.4 571 578.1 586.2 592.6 603.3 605.4 605.1 611.5 612.6 619 621.5 624.9 632.5 634.9 641.8 642.4 644.2
544.2 534.8 521 512.3 504.9 496.5 493.8 486.8 481.9 480.5 480.7 482.3 487.7 493.3 497.6 502.3 503.7 509.2 516.7 521 528.4 532.4 537.3 544.6 548.5 547.4 550 549.8 544.7 544.4 541.6 539.4 534.1 532.5 528.2 520.3 514.6 509.7 499.8 491.3 483.7 480.6 480 474.1 470.4 466.6 467.4 470.7 475.2 481.7 486.4 493.9 503.2 510.3 520.3 530.1 536.5 543.8 548.6 550.6 558.1 560.9 567.5 578.4 579.2 585.8 590.7 598.5 600.3 606 610.8 610.9 615.1 616.4 621.6 624.6 626.1 628.3
549.8 536.9 525.2 515.5 506 500 493.9 487.1 482.9 480.6 480 480.7 482.2 489.4 491.6 498.9 498 502.6 511.1 514.7 520.7 528.5 529.7 536.2 539.8 542 543.5 541.9 538.3 536.9 535.7 530.7 529 523.8 520.8 515.9 511.2 504.9 499.8 487.2 479 474.5 473.5 469.7 469.7 465.9 466.3 471.7 475.1 478.6 484.2 489.9 499 504.8 512.4 521.4 529.4 535.8 544.7 546.6 550.9 555.2 558.7 566 568.9 571.8 578.6 583.4 589.4 592.9 598.7 599.8 600.2 602 603.6 606.9 609.7 616.6
556.4 542.1 531 521.4 511.6 501.8 495.4 488.1 485.1 481.7 479.6 480 479.9 483.4 486 494.6 492.7 496.7 505.7 509 516.2 521 520.1 528.7 527.3 534.9 535.3 535.9 534.3 530.4 527.6 525.8 525.2 515.7 512.8 509.8 507.9 501.7 495.8 491.4 481.6 470.5 469.6 471.7 467.6 465.6 461.4 470.5 477.7 484.3 488.3 491.9 498.9 507.6 514.5 517.1 523.5 529 538.4 543.9 547 550.4 549.2 553.6 558.4 562.9 567.8 572.2 575.8 582.2 584.8 584.7 587.7 588.2 589.6 592.6 599.3 607.7
570.2 551.9 538.1 525.4 517 507.1 500.4 491.3 487.2 483 481.2 476.6 477.6 480.1 482.1 486 485.6 498.4 501.4 502.3 510.2 510.6 513.9 514.8 517.2 522.7 528.6 525.5 526.2 522.5 521.7 519.5 516.1 509.5 504.7 503.5 499.7 496.8 488.6 483.3 484.4 475.6 465.9 464.7 465.8 461.5 458.4 467.6 472.4 479.3 490.2 496.7 502.7 507.2 510.2 512.2 522 529.2 531.2 533.3 537.5 537.8 541.8 544 548.2 551.5 554.5 559 563.3 569 572.6 572.4 573.7 575.3 578.1 580.8 586.2 592.6
584.6 564.6 546.6 531.8 520.7 513.6 502.2 493.9 490.8 487.4 484.3 478.6 476.3 477.2 478.3 479.4 483.2 494.3 495.5 497.2 506.1 504.9 505.5 510 510.9 514.8 520.5 515.2 515.2 515.3 514.4 509.3 510.7 505 498.7 496.3 494.6 490.1 487.9 481 472.8 475.2 464.1 460.2 459.7 458.8 459.7 462.2 469.8 476 482.7 491 495.3 501.8 504.8 509 511.9 515.2 523.5 527.1 529.2 528.8 531.1 533.1 536.5 538.5 540.9 549.2 551.8 552.7 555.1 557 557.8 563.1 565.2 568.9 574.6 574.8
612 575.3 557.7 541.3 524.6 516.7 507.2 499.6 495.3 489.5 486.5 480.2 476.6 475.4 474.9 475.3 478.6 485.5 488.6 490.5 490.6 494.9 496.5 502.5 504.8 508.2 507.4 505.5 505.7 505.5 505.1 499.8 499.4 497.2 492.4 489.9 486.3 482.6 478.8 476.9 472.1 463.6 460.5 456.4 455.6 455 464.5 468.3 471.1 473 478.9 483.2 490.3 496.1 499.5 509.1 510.9 513.4 515.3 520.9 522.7 518.6 520.7 523.2 526 530.9 533.6 537.7 542.1 540.9 542 543.2 545.7 550.5 554.4 558.5 560.3 565
653.1 608.4 562.1 546.2 530.9 519.9 511.2 501.3 497.4 493.4 487.3 481.6 479.8 474.7 471.9 472.3 476.2 480.7 482.3 483.5 484.4 488.1 488.1 493.4 495.6 498 497.9 493.9 494.5 492.4 492 489 487.3 483.2 484.7 481.5 478 476 474.4 469.5 468.7 463.8 457 454 451.8 457.6 462.1 466.2 475.4 474.4 477.9 483.6 489.9 497.6 496.3 498.5 505.8 504.6 509.3 511 511.6 511.4 511.2 514.7 519.7 522.7 525.2 528.7 530.7 529.2 534.9 534.3 534.9 539.2 542 546.7 548.8 556.9
659.7 617.1 567.1 550.3 537.6 522.9 514.8 502.9 498.1 494.1 487.8 483.2 477.6 474 470.2 471.3 472.7 477.7 475.8 476.5 477.8 480.2 481.4 485.6 490.2 491.2 489.3 485 485.9 483.8 477.3 475.5 478.1 475.6 475.4 471.7 469 469.4 466.8 465 459.6 458.4 455.8 453.6 449 456.3 459.5 464.4 474.7 474.5 478.2 484.1 487.2 490.1 494.4 495.4 496.8 498.8 502.7 504.9 508.5 507.2 506.6 507.6 511.4 513.3 518 517.5 517 519 520.8 524 525.1 524.6 526.8 530.8 535.5 539.1
658.3 621.6 586.9 550.6 539.1 526.1 515.1 506.5 502.1 496.1 490.3 482.9 475.8 471.1 471.2 471.4 470.3 471.1 471.2 470.7 472.4 473.8 479 483 484.6 485 486.5 482 478.1 474.2 472.2 466.2 465.2 464.6 465 463.2 468.2 462.7 460.5 459.9 458 449.5 449.1 446.8 453.7 456.3 458.8 464.7 467.2 470.4 473 479.1 483.4 485.4 490.6 495 494.8 493.8 496.5 496.6 503.5 506.4 505.5 506 506.9 507 511.7 507.3 507.1 508.4 510 515.2 513.2 517.5 516.5 520.2 526.6 534.1
670.7 634.6 600.1 558.1 542.2 532.7 517.8 508.8 503.7 496.4 489.8 484.5 474.2 470.4 467.2 466.6 467.8 469 469 470.4 470.9 472.4 475 480.6 479.3 480.1 479 474.5 473.2 468.8 466.7 460.8 458.7 457.8 458.8 456.2 455.9 459.2 456.4 452.7 450.8 447.9 443.5 439.9 443.6 452.5 456 464.3 464.8 467.8 471.5 476.4 479.7 481 482.2 487.1 490.1 488.7 492.3 492.6 492.3 496.8 494.7 494.5 498.6 502.8 502.1 502.3 500 498.5 501.8 507.1 504.7 510.2 513.2 517.3 520.3 525.8
691.7 636.1 595.5 567.8 549.9 537.5 523.1 509.7 504.6 496.9 491.3 483.4 476.7 470.3 466.3 466 467 469.9 468.4 470.7 473.1 474.3 471.3 471.5 469.8 468.5 467.4 465.8 463 459 461.8 459.9 455.8 453.1 453.7 451.6 449.7 450.7 450.8 447.7 444.7 441.1 440 436.9 438.9 448.6 452.4 457.6 465.1 467.8 472 472.6 474.8 476.9 478.3 479.5 482.7 483 484.5 489.2 488.3 489.1 494.2 488.5 489.5 493.8 495.1 489.9 489.9 499.2 503.3 505.5 510.6 514.4 517.2 519.9 522.7 524.9
712.6 652.4 609.1 577.3 562 541.6 528.2 515 505 499.4 492.7 483 476.6 470.3 467 467.1 466.3 466.1 465.7 466.6 469.5 468.3 471.3 463.5 462.7 462.4 464.2 461.3 456.8 453.8 453.3 456.6 452.8 450.9 448.2 447.9 445.9 444 447.9 443.8 445.6 439 434.9 434.6 436.1 444.9 449.7 454.4 458 461.7 466.7 468.7 470.4 470.9 473.7 475.5 477.4 478.9 480.2 478.8 481.6 484.8 483.6 482.5 485.4 485.4 485.1 487.7 489.5 491.9 490.9 493.5 498.2 502.3 505.5 511.2 516.2 519.1
703.6 667.4 631.9 589.5 580.2 558.6 532.5 519.2 509.3 500.2 492.6 484.4 477.7 474.2 469.7 468 467.1 464.3 465.9 465.5 466.1 464.2 459.3 455.6 455 455 453 454.7 454.9 450.9 450.7 451 450.6 449.3 448 444.2 440.8 438.9 441.7 436.8 435 439.2 430.4 430 432.5 437.3 442.7 446.6 449.9 454.7 459 462.9 465 469.6 471.6 473.1 472.6 474.2 474.4 474.7 475.1 479.3 481.2 482.7 480.6 480.2 479.7 478.1 477 477.7 479.2 482.7 484 492.4 496.4 502.3 508.6 512.7
689.6 668.7 619.7 600.1 588.6 570.7 539 524.5 515.1 503.2 492.9 486.7 481.2 475.8 472.5 468.9 467 463.3 462.1 461.2 461.7 458.7 456 451.8 452.3 452.2 449.6 452 451.1 450.3 449.8 448.9 449 445.8 452.7 442.4 439.3 436.3 435.6 433.8 430.2 430.2 427.3 427.6 430.3 433.4 436.6 439.7 444.5 449.6 456.4 462.1 464.6 461.8 461 462.7 464.9 473.2 472.2 471 471.4 475.6 475.5 476.7 476.5 476.4 478.3 482.2 472.5 474.8 475.1 476.8 481.4 485.4 489.6 494.5 501.4 505.5
671.4 655.4 631 599.8 589.1 575.9 552.9 530.7 521.2 507.9 495.7 491.2 482.8 479.8 473.8 469.8 468.1 462.9 457.6 456.1 454.4 453.2 452.7 451 448.9 447.7 445.3 445.3 450.7 443.9 445.7 443.7 443.7 441.7 442.3 439.4 434.4 431.8 438.7 430.4 430.4 426.3 422.8 426.7 428.7 432.1 435.4 438.2 442.7 450.1 455.5 453.5 451.5 455.7 458.8 460 459.7 461.2 462.5 465.6 467.3 470.5 470.7 474.7 476.6 472.9 472.9 474.5 468.1 476.9 473.9 474.3 477 482.9 485.5 487.8 495.2 499.4
641.1 622.6 609.3 595.1 582.5 573.2 558.3 535.5 520.9 513 500.6 493.2 487.2 482 475.6 472.6 466.8 460.6 456.7 452.9 452.2 448.5 447.6 446 446.6 445 443.7 445.7 440.4 446.2 439.2 440.7 441.5 438.2 437.8 432.7 432.9 430.6 427.9 426.4 423.2 421.6 420.5 425.2 434.4 431.3 439.6 439.6 438.1 441.9 451.6 450.8 445.3 447.7 451 455.5 458.3 459 459.4 461.1 463.5 464.7 461.9 466.4 470.1 467.6 466.9 468.1 466.2 472.7 473.5 472.8 472.6 478.8 483 486.8 488.5 493.2
624.6 608.7 596.5 584.7 574.1 565.8 555.5 531.7 519.7 512 504.9 497.5 489.7 486.3 477.5 473 466.7 459.8 453.1 450.4 448.3 444.2 442 443.8 445 440.5 439.4 440.4 438.2 441.4 435 435.6 434.8 433.1 432.2 433.6 432.3 428.6 425.7 423.6 422.1 418.5 426.4 430.9 430.3 432.3 431.8 435.1 436.4 440.5 442.4 443.1 440.2 442.8 445.7 447.7 451.5 453.9 453.6 455.4 456.2 456.8 456.3 457.7 459.2 460.2 462.4 460.6 463 467.2 467.9 473.5 469 473.4 477.4 484.9 489.2 493.8
609.1 599.8 587.6 582.6 576.3 563.5 549 529.3 517.4 510.4 502.7 497.1 489.9 485.6 477.7 470 464.5 457.2 451.4 447.4 444.1 442.8 439.7 436.9 440.4 437.9 437.1 439.3 433.9 436.5 433.7 434.2 437 432.9 428.9 428.4 430.4 424.6 422.2 420.8 416.3 419.5 422.5 427.1 430.7 433.9 443.1 434.1 435.8 437.6 437.7 437.6 435.9 438.4 439.6 440.5 443.2 443.5 445.4 444.7 448.7 451.3 449.9 450.5 453.3 456 458 458.7 459.8 460.7 462.4 464.2 473.4 474.4 475.6 478.6 483.8 487.9
609.9 597.2 587.3 583.3 579.4 570.7 553 534.2 520.5 511 503.5 495.9 486 481.4 475.4 465.2 460 455.9 450.8 446 442.9 440.2 441.7 436.2 436 440.4 435.3 436.5 431.8 429.1 430.8 434.7 429.4 431.1 433.7 425.9 424 421.4 421.1 414.6 416.9 419.9 421.6 425.1 429.2 429.7 427.1 433.8 435.2 435.3 437.2 436.1 432 430.5 434 434.4 435 436.4 437.5 439.3 441 443.9 442.3 447.1 448.8 452.4 455.5 456.1 455.5 456.6 461.9 463.7 465 471.2 472.8 476.3 479.1 483.3
596.4 590.6 586.3 583.2 588.7 586.7 564.1 541.2 523.4 511.3 502.9 498 483.9 483.6 472.1 464.7 458.8 453.1 448.6 443.8 440.3 440.1 439.1 438.9 438.3 436.9 435.8 433.1 431.8 428.3 425 432.2 427.5 424.6 426.6 427 420.6 418.3 416.3 410.7 415.2 417.4 420.6 424.5 427.4 428.3 426.9 433.8 431.8 430.6 427.8 429 428.5 428 428.8 430.5 431.4 431.6 433.7 438.6 438.1 439.9 443 443.5 445.5 448.3 447.4 453.6 455.3 456.6 458.3 459.8 462.2 465.9 470.5 472 475.3 480.9
