NN22.asc
ncols 200
nrows 200
xllcorner 220000
yllcorner 720000
cellsize 50
[rows 0 to 34 of 200, columns 0 to 77 of 200]
349.2 334.1 315.8 302.8 283.8 277.3 305.9 314.9 328.1 341.6 354.6 351.2 331.1 307.3 279.3 262.1 250.7 237.6 225 212.5 201 188.1 183.7 174 158.7 145.4 130 109.1 101.5 90.4 94.3 88.5 80.5 75.3 67.8 63.9 64.3 63.7 62.5 61.9 61.1 60.2 59.6 58.8 59.1 58.4 57.1 59.3 59.5 59.4 59.5 59.2 59.3 59.8 63.9 70.1 75 83 91.2 100 109.5 115.1 124.8 132.8 142.5 153.5 163.6 176.4 187 199.1 216.3 229.5 249.1 273.2 294.1 309.5 324.2 336.1
339.8 324.2 306.5 290.8 271 264.8 293.5 306.9 316.6 325.5 333.6 333 319.1 287.3 263.6 249 238 221.9 214.1 198.1 184.2 182.4 175.1 161 148.4 130.2 111.3 92.4 88.4 91.3 76.6 78.3 69.4 61.2 58.6 58.4 58.9 59.8 60.3 60.2 59.4 58.8 58.1 57.8 58.5 58.6 57.6 59 59 59.2 59.1 59.1 59.1 62.4 69.9 76.2 84 92.5 99.4 106.1 120.5 130.4 139.8 148.3 167.2 172.7 186.8 203 218.3 228.7 243.1 256 274.5 293 311.5 332.3 346.7 359.3
330 313.1 293.9 276.8 257.3 254.7 283.3 301.6 308.9 310.5 316.3 317.6 296.1 269.5 246.1 233.3 227.5 209.9 194 180.2 172.3 170.6 159.9 151.4 136.1 115.1 96.8 92.9 79.9 78.2 76.3 66.9 62.4 59.1 58 57.8 58 58.4 58.4 58.7 58.7 58.6 58.6 58.2 58.9 58.2 59 58.6 58.4 58.7 59.3 64.8 66.6 69.8 78 87.8 93.9 107.4 114.2 125.1 129.2 148.9 159.3 172.7 184.2 200.8 217.4 230.3 243.5 254 266.9 285.1 295.7 312.4 331.2 350.2 366.3 379.6
316.9 302.7 285 260.3 245.3 254.1 275 291.4 293.9 298.5 295.5 294.8 274.3 251.1 233.4 220.6 210.4 196.7 181.2 163.1 163.7 158.1 149.1 136.2 118.7 100.2 90.2 78.9 71.4 66.8 63.3 61.8 60.5 57.4 57.4 57.6 57.9 58.1 58.3 58.8 58.4 58 58.3 58.2 58.4 57.6 57.9 58.7 61.8 67.6 70.9 77.9 80.5 87.6 94.3 103.2 114.8 115.8 135 135.6 156.6 172.4 187.2 201.9 216.1 231.7 246.4 262.5 280.2 289.7 299.4 306.7 319.7 335.6 352.3 372 388.7 401.7
306.4 291.9 268.7 255.3 235.1 247.9 266.9 276.5 280.1 282.9 274.7 262.8 248.5 235.8 221.5 205 196.9 181 160 151.2 151.9 146.3 133.8 115.9 103.2 87.7 80.9 67.8 64.8 62.2 60.3 58.1 57.1 57.1 57.2 57.8 57.9 56.8 56.7 56.8 56.9 57.3 57.4 57.6 57.6 59.4 65.1 68.1 72.3 78 86.5 89.2 93.1 103.3 112.6 115.8 131 135.6 151.2 169.9 186.3 207.5 219.2 235.2 247.3 262 276.3 292.7 308.5 323 330.8 344.8 357.9 376.6 386.9 398.9 412.3 426.5
296.6 274.4 258.4 240.9 228.1 241.4 257.7 263.6 266 264.6 252.1 246.9 242.3 226.7 208.9 192 178.6 162.6 147.2 137 133.4 127 117.2 102.2 90.3 86.3 68.4 59.1 58.6 57.7 57.6 56.7 56.9 57.1 57.4 57.7 57.1 56 56.4 56.8 57 57.2 57.5 63.4 69.1 73.1 77.6 83.8 86.6 96.6 98.6 104 108.1 117.6 128 138.4 157.2 173.6 190.1 211.1 223.8 243.9 257.1 266.2 276.4 293.6 309.6 321.2 338.6 350.2 353.5 370.1 387.1 401.3 413.4 421.3 433.4 440.7
282.7 262.9 247.2 237.7 214.4 237.2 247.5 250.7 250.4 241.6 237.6 232.6 228.3 212.9 198 178.1 162.4 146.6 131.1 122.6 108.5 105.7 99.1 92.9 84.6 77.8 57.1 56.3 56.9 56.7 56.6 57.1 57.3 57.4 57.6 57.7 55.8 56 56.5 56.9 57.4 61.5 66.8 73.9 81.2 84.8 87.8 96.1 100.5 110.5 114.8 121.8 130.7 139.4 155.9 166.9 187.4 215 228.8 239.5 258.2 270.7 275.2 283.5 299.8 312.9 324.6 341.2 354.4 367.7 381.3 397.7 410.3 423.2 434.3 441.1 454.6 458.7
271.6 254.4 241.2 225.9 205.1 228.1 236.1 238.2 230.6 227.1 222 218.1 209.1 195 178.1 159.6 137.7 124.4 118.9 110.7 91.2 95.3 92.5 86.8 77.5 64.1 55.5 56.8 56.4 55.9 57.1 57.3 57.5 57.8 57.5 56.4 54.8 54.8 58 62.8 69.1 74.7 82.6 90.8 95.5 101.3 110.5 116.1 119.8 128.3 140.5 146 155.3 169.4 185.7 214.1 233 247.3 256.8 268.1 282.8 294 300.7 315 332.5 348.7 360.3 364.8 384.1 397.3 410.2 418 433.2 445.1 453.2 460 463 465.8
261.2 249 234.6 220 199.1 218.1 225.9 222.3 217.4 214.1 206.5 199.1 191.4 175.5 158.9 136.3 118.7 109.1 104.2 101.8 90.8 83.5 79.4 73.7 65.7 56.6 56.1 55.4 56.6 56.9 56.8 57.4 56.9 55.1 54.8 54.8 57.5 58.7 64.3 72.5 79.7 87.8 98.3 104.3 111.1 118.5 122.7 135.8 135.6 147.3 159.2 165.7 178.2 194.4 223 239.9 254.1 264.8 276.2 288.5 297.9 313.8 323 340.3 356.6 369.8 387.8 402.2 415.7 433.1 441.7 446.6 464.4 475.8 481.3 481.9 478.8 475.2
256 238.4 225.8 212.2 188.5 212.3 212.8 206.6 206 198.6 193.2 186 173.9 157.9 145.1 121.7 103.9 94.5 90.2 90.1 82.6 75.4 70.8 64.2 56.4 55.8 56.1 55.6 55.7 55.4 54.8 54.8 54.8 56.4 59 58.6 60.3 65.4 77.5 86.2 94.2 102.6 110.2 119.8 126.8 134.4 143.5 148.9 159.1 170.2 178.2 192.9 206.4 221.4 245.4 262.7 273.2 285.1 294.7 306.6 325.1 335.3 345.3 362.1 376.1 396.5 410.5 424.6 436.4 449.5 463.9 475.1 488.1 499.3 503.2 503.9 496.6 491.4
245.8 231.7 214.3 199.3 177.8 199.5 198.2 194.9 190.7 185.4 178.7 174.1 157.2 140.6 124.5 106.6 92 84.7 77 77 73.4 67.3 61.8 57 55.7 54.6 54.3 54.6 55.6 55.1 57.1 57.3 56.9 58.2 61.6 66 73.9 83.3 93.2 100.1 108.8 119.5 126.8 136.9 149.1 152.6 162.2 173.2 183.4 193.6 208.9 217.6 237.2 256.8 276.3 286.6 299.9 313.9 325.5 333.5 347.4 356.7 370.3 386.4 403.7 415.1 427.4 442.6 458 472.2 486.1 497.8 510.3 519.6 523.1 521.2 512.8 507.1
240.1 220.7 210 189.4 175.4 192.7 186.2 181.6 180.1 171.1 162.8 153.9 138.4 123.5 106.9 90.9 82.3 80.1 71.4 65.5 60.7 59.1 58.9 54.3 55 55.2 56.8 56.8 57.1 57.3 57.9 57.1 57.1 58.9 67.2 73.8 89.2 96.6 106.2 116.9 128.3 135.3 148.1 156.1 164.5 173.7 183.6 195.2 209.9 221.8 234.3 254.8 279.5 292.5 310.2 325.9 338.2 349.2 360.2 367.8 374.4 384 396.8 407.8 421 434.7 448.3 464.4 481.3 494.4 506.7 516.6 529.8 537.1 538.7 534 526.7 519.8
231.1 213.3 202.4 192.3 162.1 181 176.8 170.2 165.3 157.6 147.9 136 125.5 105.7 93.9 81.2 72 67.4 59.7 58.5 56.6 56.2 54 54.5 55.1 56.5 56.5 56.8 56.5 57.6 60.6 61.1 61.4 70.2 80.8 90.2 101.4 116.7 122.3 133.7 142.9 151.6 163.3 176.1 181.9 192.6 205.7 217.3 230.3 247.9 272.6 295.3 315.8 325 342.5 356.4 366.6 379.6 392.4 403.4 411.5 426.1 441.5 455.4 459.7 470.8 486 500.7 513.6 521.7 529.5 540.3 549.3 552.6 551.2 545.3 537.4 528.2
228.6 211.4 198.6 181.1 144 170.7 165 158 149.2 142.1 132.1 122.7 106.9 95.3 75.9 65 59.8 56.4 56.1 56 54.7 54 56.2 56.5 56 56.2 56.9 56.8 57.2 60.6 65.1 68.7 80.6 89.2 98.5 110.3 116.4 128 140.9 153.3 164.6 176.3 191.1 202.2 213.2 234 253.9 267.8 287.5 308.5 322.5 335.9 349.4 370.2 381.7 387.7 393.2 405.9 418.3 430.2 444.6 457 472.7 483.1 493.5 507.8 522.5 534.2 544.6 552.8 553.8 560.4 563.4 565.2 560.3 554.7 547.4 534.2
217.2 200.9 185.3 172.4 143.9 159 153.7 150.3 138.6 126.2 116.6 107.5 97.2 80.3 65.5 56.7 55.8 56 54.1 54.6 54 54.9 55.6 56.1 56.1 56.2 56.9 59.6 60.9 62.2 67.7 73.6 87.5 98.6 108.8 120.3 133 144.5 156.2 170.7 187.8 207.2 215.7 232.4 248 275.8 286.9 301.2 316 335.3 355.2 371.2 388.1 404.3 416 426.2 439.9 454.9 462.8 475.7 480.9 490.9 505.8 509.9 519.7 535.2 548.3 557.7 566.9 574.6 577.4 580.1 581.5 577.5 567.6 561.5 552.1 532.3
203.2 183.6 170.4 157 137.2 148.2 137 133 120.9 111.6 103.1 95 84.4 72.7 58.3 55.2 53.9 55.1 55.4 55.4 54.4 56.2 56.2 56.6 56.3 57.9 59.9 63.2 66.3 69 76.3 84 91.1 105.3 119 133.7 147.1 155.8 167.2 178.9 198.4 214.8 233.1 251.6 269.5 282.8 296.1 314.2 331.4 350.6 367.1 383.7 400.5 414.5 427 444 460.4 472 486.4 496.8 513.8 530.2 539.8 549.1 555.2 565.4 567.8 579.2 586.9 590.7 592.7 594.7 592 583 569.5 561.5 548 526.7
185.8 168.5 156.9 150.2 132.1 129.7 128.6 114.8 105.4 98.4 89.2 87.9 80.4 59.8 55 53.8 55.6 55 55.7 55 54 55.8 55.7 56.8 57.6 59.4 63 68.7 74.1 76.7 88 96.4 106.1 114.4 121.1 139.8 155.9 166.1 180.8 198.5 209.6 225.7 248.7 264.6 275.8 287.7 306 327 351.6 369.4 382.9 399.8 415.7 427.9 439.4 447.2 461.4 478.2 492.1 507.8 518.9 532.6 544.6 557.3 569.4 581.1 590.5 604.4 610.4 606.5 606.3 603.2 595.5 584.9 572.6 560.7 544.5 520.9
169.6 154.4 146.2 140.3 109.4 124.4 113.5 101 93.7 88 84.9 76.5 68.5 54.9 55.2 54.5 55.1 54.9 55.5 55.8 55.6 55.4 56.1 59 60.8 62.3 71.4 81.3 77.6 86.8 97 105.8 117 129.3 138 150 160.2 176.9 197.7 206.9 222.4 238.6 256.3 266.4 280 298.2 319.6 344 366.4 380.3 397.3 414 426.2 436.6 450.9 462.7 474.3 489.2 502.2 518.7 536.5 549.5 561.7 570.4 580.3 590.4 605.8 617.1 622 625.1 625.1 618.8 604.2 592.8 581 567.5 541.4 519.1
155.8 141.1 131.3 119.5 107.7 106.9 103.4 94.4 84.2 78.3 72.7 75 63.2 54.5 54.7 54.6 53.2 55.4 54.3 53.9 53.7 55.7 56.3 61.8 66 72.2 85.5 89.8 85.8 98.4 107.8 116.9 126.2 139.2 149.1 161.8 169.4 182.2 195.7 212.8 231.7 248.8 262.2 273.6 290.9 310.2 333.8 352.3 371.7 391.4 411.5 425.2 433.1 447.4 461.9 476.1 488.1 501.3 523.9 536.5 554.4 570.7 583.6 592.2 595.1 601.9 608.6 619 623.3 628.7 630.4 623.6 610 586.1 571.8 549.1 526.2 509.4
139.1 129.1 116.7 107.6 102.2 86.7 83 80.5 75 71.2 66.9 68.9 56.7 54.8 54.9 55.2 55.5 55.8 53.4 54.3 54 58.4 63.8 69.5 74.8 79 87.9 95.3 105.1 109.1 119.4 127.5 134.8 146 160.6 170.6 181.3 192.2 206.1 221.4 237.9 249.8 263.2 282.6 298.6 319.6 341.5 357.2 379.1 397.8 411.6 425.7 437.6 457.4 478.8 492.4 506.7 524.6 532.9 544.5 556.9 568.3 574 579.7 592.8 604.7 616.1 620.2 630.4 630.5 627 621.6 609 585.5 561.6 540.4 524.6 505.5
132.9 122.2 103.3 91.5 92.3 71.7 74.8 69.2 70.6 62 58.1 55.9 54 54.4 54.7 55.1 55.4 55.5 53 53.2 56.2 64.5 74.8 74.7 83.6 88.5 89.2 101.1 110.5 119.3 124 137.1 144.7 156 167.2 176.6 190.9 202.4 213.4 228.3 238.1 258.8 275 288.3 304.1 317.3 332.1 359.1 381.3 398.5 413 433.8 455.9 472.8 494.7 504.7 516.5 523.4 531 543.5 556.3 570 580.2 590.1 603.5 614.1 621.8 630.8 633.7 632.1 626.1 616.7 609.4 583.3 552.8 532 517.6 498.5
119.6 111 99.7 81.2 78.4 67.1 63.1 63.5 62 56.9 54.5 54.5 54.7 55 55.1 55.7 52.9 53.6 56.8 58.5 60.7 65.7 78.1 83.9 88.1 97.9 104.4 107.9 118.7 126.4 133.8 143.8 152.3 161.9 177.3 191.1 194.9 203.9 213.8 229 242.1 264.8 276 301.1 323.2 339.9 347.3 366.5 387.1 403.9 425.5 444.8 461.2 474.7 491.2 502.1 507.7 516.3 529.1 548.1 564.5 579.9 588.5 599.2 610.3 620.1 628.7 635.1 633.6 628.4 621.8 608.2 600.9 574.4 543.2 516.7 504.2 489.5
106.4 97.5 85.1 77.8 69.3 63.8 60.3 58.5 58.3 56.1 54.2 54.9 53.8 55.1 52.4 54 58.8 61.2 61.7 66.6 69.9 75.8 82.2 91.3 94.9 100.7 112.4 122 120.7 131.3 142.2 149.5 159.2 165.5 178.3 186.2 198 212.4 225.7 241.3 255.5 275.2 297 317.6 337.9 354.2 367.9 377.8 399.8 418.8 440.1 462.8 480.1 491.2 501.3 503.9 509.8 522.7 537.9 557.1 571.2 584.8 592 599.5 612.8 623.6 631.1 633.8 629.8 618.9 614.5 597.7 588.5 563.4 528.5 502.9 491.1 473.1
101.7 83.8 74.1 69.4 63.4 61.3 60.1 58.5 55.8 54.8 54 54 52.4 53.5 53 60.4 63 68.2 73.6 75.5 78.6 84.9 86.5 95.6 102.8 112 121.2 125.4 135.1 140.4 148.3 158.5 166.4 179.6 189 191.9 211.2 222.3 237.4 253.7 274.2 294.2 316.5 335.5 352.3 371.1 388 401.1 412.2 437.5 460.1 479.1 490.1 500.1 503 509.5 520.3 524.8 542.8 559.2 572.3 585.4 597.2 601.2 613.1 623.1 627.9 627.6 619.4 608.8 602.4 585.6 576.8 549.7 513.2 489.9 474.3 457.1
89 72.4 66.2 61.9 58.6 58.5 58.3 57.4 56.2 55.1 53.2 52.4 53.3 53.1 55.4 61.8 62.8 74.1 77.3 81.5 84.8 93.5 100.1 104.4 110.1 113.6 126.4 132.9 141 149.2 153.7 169.1 178.5 187.8 199.9 208.9 215.3 236.8 258.6 285.3 319.3 337.5 351.1 368.2 384.8 394.8 406.8 420.9 435.2 451.3 472.5 485.3 500 507.2 512.7 517.4 527.2 542.1 549.9 567.5 579.5 589.4 594.3 598.7 610.6 617.4 618.6 617.1 611 596.9 590.3 569.6 560.9 529.1 497.4 474.6 457.8 437.3
74.7 68.6 61.2 58.1 57.1 56.9 56.7 56 54.8 54.8 52.4 53.5 55 61.7 64.4 61.7 62.5 78.5 85.2 90.4 94.5 97.8 105.3 109.9 119.4 124 132.3 144 145.9 151.4 163.7 187.6 194 202.7 211.9 229.9 243.7 266.4 293 322 346.1 361.3 380.1 394.9 409.1 421.4 430.3 445.9 460.9 473.5 481.5 493 500.7 510.4 519.2 532.4 533.4 543.5 559.8 571.5 585 593.4 593.2 591.7 601.5 608 610.4 611.1 602.3 584.5 570 554.1 538.5 507.6 478.3 456.4 436.3 414.6
66.3 63.4 58.1 56 55.8 55.7 55.6 54.9 54.1 52.8 52.4 56.5 60.6 66.2 70.6 73.1 76.7 83 87.1 98.8 104.3 108.9 113.7 116.8 119.1 128.2 142.7 147.6 155.9 167.9 182.9 199.4 208.8 214.6 228.7 249.3 271.7 292.9 313.5 339.2 359.5 377 392.8 410.1 426.8 438.9 449.6 467.4 480.7 490 502.3 505.1 511.6 521.1 532.3 540.2 544.1 548.1 563.3 577.1 586.7 588.1 591.8 585.6 591.2 602.6 602.7 598.8 585.7 568.8 554.5 538.4 520.4 486.2 454.5 431.6 412.5 397.5
60.3 57.2 55.3 54.9 54.7 54.6 54.6 54.3 52.1 52.4 62.8 61.4 65 71.1 79.2 86.5 94 97.7 101.2 106.5 113.1 115.6 120.5 129.5 133.2 137.9 150.2 160 168.6 178.1 192.8 209.8 223.4 233.5 249.5 263.7 288.8 304.8 329.2 350.6 367.4 392.3 405.3 428.5 442 453.6 464.4 480 490.1 499.7 509.6 517.1 524.5 541.1 552.6 555.2 550.2 551.2 569.4 581.8 582.8 581.8 582.8 575.3 581.6 591.4 589.6 582.8 571 554.9 537.9 523 501.7 460.1 429.7 408.6 394.2 377.3
63.1 54.8 54.5 54.4 54.5 54.6 53 51.7 51.9 61.4 67 66.9 70.1 79.6 92.3 93.5 103.1 103.6 110.3 117.6 119.3 128.8 137.5 141.1 143.9 151.9 158 167.2 174.9 192.4 212.2 225.4 239.1 259.3 278.9 276.8 299.3 319.8 342 362.9 383 402.7 419.7 433.2 447.4 461.2 475.1 488 498.1 507.2 515.5 526.5 541.5 554.2 563.5 567.2 560 560.5 568.7 575.1 576.1 575.4 571.6 566.6 568.5 581.2 576.3 569.5 556 536.5 516.3 504.2 480.2 431 405 388.7 375.1 355.9
55.8 53.7 54.1 54.7 51.6 51.6 51.6 53.5 56.3 64.5 70.4 74.1 77.9 86.6 94.9 99.1 104.2 112.8 119 125.4 132.9 142 144.9 147.6 155.6 162.1 171.1 179.4 186.4 205.7 228 239.1 253.1 277.3 295.3 307.6 314.7 324.2 341.6 370.3 393.4 410.2 421.8 436.8 451.6 464.5 478.7 496.4 507.7 518.1 526.5 537.6 547.5 557.5 566.4 570.4 566.3 572.3 574.9 573.9 570.9 565.3 560.5 554.3 557.6 565 561 548.9 530.7 511.1 496.5 483.9 447.6 403.5 385.4 370.6 353.7 334.8
51.4 52.6 52.6 51.6 51.6 54.8 56.9 61.2 64.4 68.6 74.8 79.1 80.6 90.6 97.1 103 109.2 114.3 121 128.5 138.4 143 149.4 154.6 162.3 173.3 185.4 191.4 199.9 219.8 237 251.6 271.6 290.6 307.2 320.5 334.9 348 363.1 381.4 400.2 414.9 429.8 445.1 460 475.6 491.5 507.5 515.8 524.1 532.7 547.9 551.6 558.4 564.6 573 572.8 577.9 576.9 568.2 564.3 560.4 551 543.8 544.9 545.1 541.7 530.2 511.5 491.4 475.7 458.6 412.5 383.2 364.5 350.3 331.4 312.7
51.4 51.4 53.3 52.2 56.1 56.9 59.5 68.8 73.5 74.9 78.2 82 85.6 93.7 99.4 103.9 110 120 129.7 137.1 143.3 150.2 156.4 162.3 170.1 179.8 189.8 208.4 219.9 229.8 246.2 268.4 289.3 304.4 318.9 336.5 350.6 368.6 379.4 394.5 411.1 429.6 446.8 459.1 469.3 483.5 498 513.3 524.5 530.6 539.9 546.8 552.3 560.5 565 569 574.2 573.1 568.2 558.4 555.9 551.2 540.1 529.9 532.3 530.4 524.8 509.4 490.3 472.8 456.9 428.5 390.7 361.9 346.7 328.5 314.2 296.6
52.8 54.3 55.1 55.4 58.2 62 67.2 71 78 80.3 80.6 84.2 87.8 97.1 104 108.5 117.6 122.1 132 143.4 153.2 158.5 163.1 168.9 177.1 188.4 204.3 219.9 237.4 248.5 260.1 283.8 304.7 317.3 333.2 350.6 364.8 383.6 398.6 414.6 435.4 450.7 466.5 477.8 490.2 497.5 507.8 520.6 529 534.1 544.5 550.2 556.9 564.5 567 567.6 569.1 563.9 553.8 545.3 542.2 535.3 525 514.7 517.2 517.2 507.4 487.7 470.1 452.5 433.3 411.1 370.2 344.2 328.4 308.7 296 277.8
54 55.2 56.6 59 64.9 67.2 68.9 75.6 79.7 83.5 83.8 85.5 90.2 98.9 105.9 113.6 120.5 127.4 133.2 142.1 151.1 157.9 165.8 172.1 181.8 196.2 214.7 222.2 240.6 256.8 272.4 288.8 312.6 327.9 345.6 369.2 380.2 394.5 410.1 427.5 446.3 462 475.8 490.7 501.2 510 525.8 536.8 542 542.2 544.2 548.1 556.6 560.1 562.3 559.9 559.5 551.6 542.3 527.6 522.3 514.9 507 500.5 499.8 493.6 482 463 445.8 427.2 411.9 381.6 350.8 327.8 311.7 294.9 276.7 264.1
55 55.7 57.8 63.3 66.9 67.8 72.1 76 80.5 83.9 87.2 89.2 91.4 100.4 108.5 113.9 121 127 135.3 142.6 149.1 156.4 166.3 175 189.4 202.3 213.5 227.2 244.4 261.9 282.6 307.1 321 336.7 354.2 374.9 386.4 398.8 415.8 434.9 451.5 465.5 478.6 491.7 499.4 516.6 531 540 548.2 551.3 556.3 555.4 553.3 554.7 553.7 551.1 547.5 535 522.3 508.4 501.6 495 490.9 482.9 477.1 467.5 457.7 438 420.9 402.6 385.1 354.2 329.4 311 294.7 275.6 261 248.4
